,offense_pass_oe,defense_pass_oe,goal_offense_pass_oe,offense_snaps,defense_snaps,defense_yac_oe,defense_yac,targets,carries,red_zone_targets,red_zone_carries,deep_targets,defense_sacks,offense_sacks,defense_tfl,offense_tfl,defense_holds_drawn,offense_holds_drawn,offense_pen_rate,defense_pen_rate,offense_hold_rate,defense_hold_rate
offense_pass_oe,1.0,0.17149546267529847,0.7504032556601475,0.35133488238299526,0.35444679366743664,-0.11590802104450681,-0.18048427389390573,0.6869256553990487,-0.5103093198110294,0.5441500360377561,-0.36641315563340165,0.3682637395293234,-0.13655903589487275,-0.32850506610136077,0.015151630448278705,-0.057372095327889186,0.16446993272446916,-0.14566983133107206,-0.3534910096367055,-0.2326998508377668,-0.2246350253444322,0.08311156168271752
defense_pass_oe,0.17149546267529847,1.0,0.23781878985302365,0.3203904587921827,0.26800094144933095,0.14277536622166032,0.11458807324253024,0.31596150157788716,0.13460959984595952,0.4381192230279686,0.06527908836021232,0.1427932365769521,-0.15767541571182506,-0.31054032954394545,0.13308777682085884,-0.44480322232458125,-0.0017253547827488652,0.006168186239897757,-0.49704461719857757,-0.12948765765961195,-0.04415749301365884,-0.04869395314762628
goal_offense_pass_oe,0.7504032556601475,0.23781878985302365,1.0,0.40206784931908085,0.15936540409870573,-0.03030845244447315,-0.06723462945710411,0.6864049449261215,-0.4633729403292115,0.8006175617489937,-0.6621892895806548,0.18105277317975021,-0.2710528789177204,-0.28832755917624003,-0.1060348405271388,-0.1645282389586797,0.16065064635470666,-0.07764058594667661,-0.3865850294796008,-0.3335457084984146,-0.1409588181021,0.13254901320708729
offense_snaps,0.35133488238299526,0.3203904587921827,0.40206784931908085,1.0,0.030303231247082833,0.07685295967173686,0.18924321658583346,0.7672810054213586,0.27045305988745244,0.6237336988434943,0.07126176835320541,0.03427165366953027,0.0126630197064478,-0.07416933409868728,-0.09738592346996089,0.004550504840232715,0.0521348435854359,0.1833653174993722,-0.4083041908000022,-0.053232511279721284,0.014901039587778149,0.03874381758061568
defense_snaps,0.35444679366743664,0.26800094144933095,0.15936540409870573,0.030303231247082833,1.0,-0.17138548258499026,-0.14962773663660778,0.18119214072990283,-0.2711115860242454,0.07930246929463299,-0.06524157327782468,0.43942198705965724,-0.21076782856460227,-0.07503418997999234,0.17184322774676927,-0.226622796553638,0.23036879227841867,-0.11753967980500761,-0.12954932696225926,-0.4677439149573267,-0.12853363143262772,0.0014188408597057118
defense_yac_oe,-0.11590802104450681,0.14277536622166032,-0.03030845244447315,0.07685295967173686,-0.17138548258499026,1.0,0.9008332757758587,-0.06338402590819976,0.22815724783586586,-0.01439321772121945,0.08428391110015877,-0.23545912690485635,-0.0804798457612495,-0.043299352851702166,-0.01928564894760803,-0.16596626008904047,0.16380540251326237,0.02544499247864232,-0.135986118861244,0.00113532854841356,0.005036630705170972,0.2039117228735492
defense_yac,-0.18048427389390573,0.11458807324253024,-0.06723462945710411,0.18924321658583346,-0.14962773663660778,0.9008332757758587,1.0,-0.024700981997133366,0.3300125198545547,0.020416392010137372,0.16518889756679164,-0.2341303813234229,0.053819275975069955,0.0018105201285193878,-0.13003801532435585,-0.1979221103214003,0.11812095416737568,0.0015988743616643306,-0.16134238233982698,0.008422439749010665,-0.043397198876678034,0.15428885270501394
targets,0.6869256553990487,0.31596150157788716,0.6864049449261215,0.7672810054213586,0.18119214072990283,-0.06338402590819976,-0.024700981997133366,1.0,-0.37384829737005143,0.8363035651801982,-0.43453990379747454,0.15442850027741034,-0.10144917621505693,-0.19477500856790864,-0.007169476482916293,0.0162008644973916,0.05966669932640603,-0.02206339837159506,-0.38144551834362844,-0.1455836202794431,-0.14986987779290872,0.022129732482379115
carries,-0.5103093198110294,0.13460959984595952,-0.4633729403292115,0.27045305988745244,-0.2711115860242454,0.22815724783586586,0.3300125198545547,-0.37384829737005143,1.0,-0.3231279910515971,0.8035028172196227,-0.11725930550310114,0.24762629289078042,0.020368674848428473,-0.12154447460476088,-0.06720773735613526,-0.06321484181243456,0.30597029435387557,-0.14885585849368038,0.21493406179208177,0.25756015672648974,-0.009727211100499723
red_zone_targets,0.5441500360377561,0.4381192230279686,0.8006175617489937,0.6237336988434943,0.07930246929463299,-0.01439321772121945,0.020416392010137372,0.8363035651801982,-0.3231279910515971,1.0,-0.5057703859909063,0.12415092921320894,-0.20414268845570255,-0.19638709123965137,-0.053974596431610185,-0.20177206063836098,0.1719694940043324,-0.03046243355008217,-0.4159129551443979,-0.20893992553561822,-0.12282599144439381,0.1638731538640266
red_zone_carries,-0.36641315563340165,0.06527908836021232,-0.6621892895806548,0.07126176835320541,-0.06524157327782468,0.08428391110015877,0.16518889756679164,-0.43453990379747454,0.8035028172196227,-0.5057703859909063,1.0,0.022913253700652864,0.21170790517791635,0.03220330482636422,0.11540572950936727,-0.07969220869912616,-0.0534625928240625,0.2548332091270429,-0.06962094162679376,0.26591842686628414,0.23136862066674738,-0.04525526725098383
deep_targets,0.3682637395293234,0.1427932365769521,0.18105277317975021,0.03427165366953027,0.43942198705965724,-0.23545912690485635,-0.2341303813234229,0.15442850027741034,-0.11725930550310114,0.12415092921320894,0.022913253700652864,1.0,0.039994066372461924,-0.11429794464293966,0.01996426904769349,-0.10997922132032213,0.40868458364886695,-0.050035170209631684,-0.12434738066388983,-0.15251306589546418,-0.05560150191004924,0.3209530641489488
defense_sacks,-0.13655903589487275,-0.15767541571182506,-0.2710528789177204,0.0126630197064478,-0.21076782856460227,-0.0804798457612495,0.053819275975069955,-0.10144917621505693,0.24762629289078042,-0.20414268845570255,0.21170790517791635,0.039994066372461924,1.0,0.2425333836248881,-0.2163290183382985,0.27634420010967226,0.01763693117570352,0.09248387549208836,0.30449669607324037,0.644455760120177,0.05797677831360244,0.06716986784493378
offense_sacks,-0.32850506610136077,-0.31054032954394545,-0.28832755917624003,-0.07416933409868728,-0.07503418997999234,-0.043299352851702166,0.0018105201285193878,-0.19477500856790864,0.020368674848428473,-0.19638709123965137,0.03220330482636422,-0.11429794464293966,0.2425333836248881,1.0,0.021927514541650844,0.20976717781519627,0.13029942467447828,-0.2785151177468466,0.8385762221506732,0.21813092818054053,-0.26719728627864636,0.13796702633936067
defense_tfl,0.015151630448278705,0.13308777682085884,-0.1060348405271388,-0.09738592346996089,0.17184322774676927,-0.01928564894760803,-0.13003801532435585,-0.007169476482916293,-0.12154447460476088,-0.053974596431610185,0.11540572950936727,0.01996426904769349,-0.2163290183382985,0.021927514541650844,1.0,-0.07968495676180982,0.25640846331802963,0.09755241773668538,0.019750301485562553,0.4776080187730508,0.1364704169021002,0.22774130395056602
offense_tfl,-0.057372095327889186,-0.44480322232458125,-0.1645282389586797,0.004550504840232715,-0.226622796553638,-0.16596626008904047,-0.1979221103214003,0.0162008644973916,-0.06720773735613526,-0.20177206063836098,-0.07969220869912616,-0.10997922132032213,0.27634420010967226,0.20976717781519627,-0.07968495676180982,1.0,-0.11127305085701138,0.13696366013700115,0.5666264623418119,0.2418628804818027,0.12751079275018187,-0.09646087767203838
defense_holds_drawn,0.16446993272446916,-0.0017253547827488652,0.16065064635470666,0.0521348435854359,0.23036879227841867,0.16380540251326237,0.11812095416737568,0.05966669932640603,-0.06321484181243456,0.1719694940043324,-0.0534625928240625,0.40868458364886695,0.01763693117570352,0.13029942467447828,0.25640846331802963,-0.11127305085701138,1.0,0.07694442171660337,0.042260937647889935,0.10344945659041126,0.07357310998726316,0.9705716288511983
offense_holds_drawn,-0.14566983133107206,0.006168186239897757,-0.07764058594667661,0.1833653174993722,-0.11753967980500761,0.02544499247864232,0.0015988743616643306,-0.02206339837159506,0.30597029435387557,-0.03046243355008217,0.2548332091270429,-0.050035170209631684,0.09248387549208836,-0.2785151177468466,0.09755241773668538,0.13696366013700115,0.07694442171660337,1.0,-0.22178627496082778,0.18734278847336264,0.9824852622485352,0.09858028391802258
offense_pen_rate,-0.3534910096367055,-0.49704461719857757,-0.3865850294796008,-0.4083041908000022,-0.12954932696225926,-0.135986118861244,-0.16134238233982698,-0.38144551834362844,-0.14885585849368038,-0.4159129551443979,-0.06962094162679376,-0.12434738066388983,0.30449669607324037,0.8385762221506732,0.019750301485562553,0.5666264623418119,0.042260937647889935,-0.22178627496082778,1.0,0.2788240543238715,-0.1572973410665095,0.052914444880044736
defense_pen_rate,-0.2326998508377668,-0.12948765765961195,-0.3335457084984146,-0.053232511279721284,-0.4677439149573267,0.00113532854841356,0.008422439749010665,-0.1455836202794431,0.21493406179208177,-0.20893992553561822,0.26591842686628414,-0.15251306589546418,0.644455760120177,0.21813092818054053,0.4776080187730508,0.2418628804818027,0.10344945659041126,0.18734278847336264,0.2788240543238715,1.0,0.19170064314075191,0.21814916298748993
offense_hold_rate,-0.2246350253444322,-0.04415749301365884,-0.1409588181021,0.014901039587778149,-0.12853363143262772,0.005036630705170972,-0.043397198876678034,-0.14986987779290872,0.25756015672648974,-0.12282599144439381,0.23136862066674738,-0.05560150191004924,0.05797677831360244,-0.26719728627864636,0.1364704169021002,0.12751079275018187,0.07357310998726316,0.9824852622485352,-0.1572973410665095,0.19170064314075191,1.0,0.09955726401321786
defense_hold_rate,0.08311156168271752,-0.04869395314762628,0.13254901320708729,0.03874381758061568,0.0014188408597057118,0.2039117228735492,0.15428885270501394,0.022129732482379115,-0.009727211100499723,0.1638731538640266,-0.04525526725098383,0.3209530641489488,0.06716986784493378,0.13796702633936067,0.22774130395056602,-0.09646087767203838,0.9705716288511983,0.09858028391802258,0.052914444880044736,0.21814916298748993,0.09955726401321786,1.0
